49: [72, 95, 15, 88, 3] : 107.05716133117676
92: [92, 83, 70, 14, 67] : 89.77620315551758
41: [41, 6, 43, 34, 38] : 122.50203204154968
75: [97, 88, 42, 63, 56] : 105.8185362815857
7: [7, 6, 32, 14, 4] : 113.46816611289978
71: [71, 60, 49, 33, 59] : 59.87987947463989
50: [4, 50, 63, 6, 64] : 115.05421590805054
27: [27, 4, 38, 15, 42] : 109.31097674369812
70: [70, 53, 62, 92, 18] : 81.80253577232361
24: [24, 6, 7, 32, 67] : 115.3734347820282
36: [36, 50, 80, 64, 75] : 124.34476804733276
32: [32, 67, 7, 24, 1] : 87.79862356185913
45: [97, 88, 34, 99, 45] : 113.43966555595398
80: [80, 4, 34, 75, 74] : 113.47741985321045
12: [12, 76, 68, 17, 20] : 66.90521693229675
23: [23, 76, 49, 60, 69] : 62.662543296813965
58: [97, 88, 42, 34, 7] : 121.04453706741333
96: [96, 52, 59, 47, 60] : 58.30753493309021
42: [42, 43, 88, 3, 4] : 119.18386268615723
86: [1, 83, 7, 24, 18] : 85.88164162635803
37: [17, 15, 38, 97, 42] : 118.58750486373901
45: [4, 34, 80, 38, 67] : 125.61809968948364
37: [37, 17, 47, 96, 52] : 90.98571729660034
90: [60, 7, 90, 33, 49] : 115.95764780044556
69: [69, 17, 85, 59, 47] : 69.82810401916504
40: [38, 15, 42, 43, 34] : 117.23467969894409
27: [80, 91, 31, 73, 95] : 110.85398054122925
18: [24, 99, 7, 53, 20] : 88.45495629310608
55: [34, 42, 97, 4, 43] : 121.7875165939331
54: [70, 92, 7, 14, 54] : 80.12232375144958
37: [37, 17, 22, 40, 86] : 58.94997787475586
36: [38, 3, 4, 75, 64] : 113.42782282829285
35: [35, 98, 11, 46, 73] : 80.10944414138794
37: [17, 37, 76, 52, 69] : 65.37381410598755
27: [97, 43, 88, 72, 42] : 108.95301747322083
73: [30, 73, 97, 72, 95] : 110.96722602844238
65: [65, 38, 50, 80, 4] : 110.6939947605133
91: [91, 1, 73, 32, 67] : 111.01909708976746
64: [64, 80, 50, 97, 38] : 111.61179494857788
17: [17, 60, 37, 52, 82] : 62.86302375793457
41: [41, 89, 17, 58, 85] : 69.63403224945068
19: [19, 43, 15, 97, 34] : 113.85536789894104
83: [83, 0, 57, 53, 84] : 69.73483204841614
37: [37, 47, 17, 96, 59] : 58.24485230445862
65: [38, 34, 80, 65, 97] : 108.75586819648743
97: [97, 88, 50, 64, 43] : 118.34676957130432
95: [95, 30, 72, 73, 38] : 110.66646552085876
48: [48, 41, 89, 8, 7] : 102.9956705570221
54: [54, 14, 6, 70, 18] : 85.74661135673523
86: [86, 9, 57, 99, 96] : 86.36458492279053
86: [86, 87, 39, 84, 5] : 77.42627882957458
6: [6, 82, 14, 7, 1] : 85.08823561668396
85: [4, 42, 80, 63, 75] : 114.47465634346008
53: [53, 57, 0, 18, 6] : 75.47049951553345
9: [9, 10, 84, 61, 28] : 125.43214583396912
20: [20, 25, 84, 5, 94] : 74.39932155609131
99: [99, 78, 18, 44, 14] : 85.99135398864746
8: [8, 48, 53, 60, 5] : 73.78891468048096
14: [14, 7, 18, 67, 24] : 115.47619390487671
23: [67, 91, 14, 7, 6] : 87.87417984008789
74: [80, 50, 4, 64, 63] : 113.51127672195435
82: [82, 14, 6, 42, 80] : 114.77415418624878
15: [15, 3, 31, 43, 4] : 116.74653339385986
30: [30, 95, 72, 55, 4] : 109.03757452964783
71: [71, 95, 30, 60, 67] : 110.94970965385437
28: [28, 10, 16, 57, 83] : 62.8721079826355
81: [81, 90, 47, 37, 14] : 95.60260105133057
26: [6, 7, 1, 14, 24] : 113.55490946769714
96: [52, 6, 80, 7, 31] : 109.03183603286743
76: [76, 60, 49, 7, 6] : 80.20872902870178
21: [21, 31, 3, 43, 63] : 119.3398904800415
0: [0, 57, 53, 28, 83] : 74.42235612869263
2: [2, 11, 75, 50, 64] : 109.67161679267883
46: [46, 98, 11, 35, 67] : 97.49065494537354
15: [15, 29, 38, 3, 34] : 115.41711926460266
43: [43, 4, 3, 42, 88] : 113.52885341644287
19: [97, 19, 15, 38, 31] : 116.08453845977783
88: [88, 43, 42, 34, 97] : 122.53717255592346
88: [97, 88, 42, 34, 38] : 116.09764313697815
39: [39, 27, 25, 86, 78] : 77.64827060699463
28: [28, 16, 84, 20, 9] : 82.08389067649841
17: [17, 49, 60, 59, 96] : 58.99820613861084
4: [4, 55, 30, 74, 50] : 113.57954263687134
42: [4, 55, 75, 42, 97] : 116.12941098213196
53: [53, 0, 57, 83, 10] : 64.80415678024292
47: [52, 47, 96, 59, 56] : 58.38561463356018
43: [43, 4, 3, 97, 42] : 124.51007771492004
81: [37, 17, 86, 12, 39] : 69.9243688583374
8: [8, 41, 96, 89, 49] : 82.8008987903595
47: [60, 47, 96, 52, 17] : 82.79459977149963
19: [19, 15, 38, 3, 4] : 109.76783180236816
62: [62, 6, 7, 14, 18] : 112.96202945709229
70: [70, 62, 60, 0, 92] : 75.75002598762512
87: [87, 20, 86, 22, 40] : 82.80158257484436
92: [83, 14, 1, 70, 92] : 92.40000343322754
55: [80, 4, 30, 38, 55] : 113.55539727210999
62: [62, 47, 92, 82, 70] : 62.89537501335144
17: [17, 60, 67, 43, 42] : 115.53756523132324
58: [58, 7, 75, 42, 88] : 122.60388016700745
64: [80, 64, 50, 74, 36] : 115.53197479248047
60: [60, 49, 19, 97, 31] : 105.22121238708496
13: [14, 24, 67, 32, 18] : 85.98967576026917
65: [65, 50, 97, 36, 64] : 105.22896027565002
24: [24, 7, 6, 18, 14] : 112.95955348014832
12: [76, 17, 12, 52, 47] : 59.07301568984985
10: [10, 53, 28, 84, 61] : 64.84251141548157
10: [10, 61, 28, 22, 53] : 78.31205129623413
83: [32, 30, 88, 97, 73] : 118.77371859550476
27: [99, 44, 78, 74, 29] : 116.21494793891907
73: [73, 91, 1, 30, 32] : 118.82199239730835
51: [4, 51, 77, 63, 55] : 109.20500135421753
17: [17, 60, 69, 7, 37] : 114.98915839195251
20: [25, 20, 75, 50, 24] : 111.75545001029968
86: [90, 85, 17, 5, 69] : 72.57055592536926
70: [70, 14, 18, 62, 92] : 84.12200284004211
49: [49, 60, 71, 53, 94] : 114.93373560905457
56: [56, 59, 52, 96, 47] : 62.946882247924805
43: [43, 42, 88, 3, 97] : 120.74893093109131
28: [28, 40, 16, 10, 84] : 69.3730080127716
17: [6, 14, 17, 60, 53] : 86.67874240875244
74: [55, 4, 75, 32, 63] : 115.56552624702454
46: [11, 38, 35, 19, 31] : 114.89564490318298
63: [97, 88, 66, 38, 43] : 115.55680513381958
41: [41, 99, 89, 69, 85] : 116.89277577400208
78: [78, 31, 99, 1, 44] : 108.52209281921387
92: [92, 70, 18, 14, 56] : 82.22102618217468
36: [36, 50, 64, 80, 73] : 117.53542494773865
59: [52, 59, 96, 47, 56] : 62.904826641082764
4: [4, 80, 55, 42, 3] : 116.1661217212677
97: [97, 43, 38, 42, 88] : 109.80744671821594
29: [29, 67, 27, 93, 65] : 115.63539934158325
87: [86, 87, 69, 39, 9] : 109.82586240768433
63: [63, 56, 65, 82, 38] : 103.4075882434845
27: [27, 44, 78, 29, 93] : 115.58377838134766
89: [89, 41, 85, 60, 58] : 70.64578104019165
43: [43, 97, 38, 42, 3] : 125.20468759536743
10: [10, 28, 20, 61, 9] : 64.84087181091309
54: [14, 18, 7, 6, 91] : 85.37161040306091
73: [14, 34, 97, 42, 67] : 115.61117601394653
19: [97, 34, 19, 75, 38] : 113.75502634048462
41: [7, 78, 45, 99, 44] : 113.78773140907288
27: [67, 73, 32, 30, 95] : 109.27559423446655
14: [14, 7, 32, 1, 18] : 119.56013536453247
96: [96, 52, 47, 88, 4] : 109.24469208717346
76: [60, 76, 49, 53, 17] : 62.96677756309509
12: [17, 12, 60, 71, 76] : 81.59755873680115
34: [34, 97, 38, 75, 80] : 117.62843465805054
50: [32, 4, 64, 97, 34] : 113.73478889465332
25: [25, 20, 5, 84, 87] : 120.08586430549622
51: [4, 80, 74, 63, 50] : 122.64874768257141
70: [14, 6, 18, 88, 38] : 115.60858345031738
50: [50, 4, 74, 64, 63] : 115.60726380348206
94: [94, 5, 84, 17, 20] : 65.51374220848083
30: [30, 73, 1, 95, 91] : 113.67602276802063
3: [3, 21, 75, 4, 31] : 109.14230632781982
55: [4, 55, 75, 34, 97] : 115.57954168319702
81: [13, 81, 89, 90, 60] : 87.33096981048584
0: [0, 57, 53, 10, 52] : 66.79732275009155
64: [63, 64, 3, 75, 80] : 113.70409750938416
34: [34, 38, 42, 97, 80] : 119.4841992855072
92: [62, 70, 82, 92, 53] : 62.28740572929382
20: [25, 20, 5, 84, 94] : 88.6001410484314
73: [73, 30, 95, 67, 29] : 109.76768636703491
11: [11, 3, 4, 7, 88] : 120.06698846817017
89: [42, 18, 88, 15, 43] : 110.43741416931152
50: [50, 80, 31, 4, 30] : 113.68062496185303
10: [4, 1, 88, 30, 95] : 108.52966713905334
52: [52, 59, 96, 47, 23] : 59.06838870048523
91: [91, 1, 32, 67, 4] : 116.21322011947632
63: [38, 34, 4, 3, 97] : 113.64800071716309
4: [4, 55, 32, 72, 75] : 124.5497179031372
78: [78, 99, 18, 32, 42] : 125.20977997779846
53: [53, 7, 18, 99, 96] : 80.25259447097778
38: [38, 34, 80, 97, 88] : 109.13358187675476
6: [6, 14, 18, 7, 24] : 113.6255567073822
47: [52, 96, 14, 56, 7] : 86.14664769172668
84: [84, 50, 88, 3, 4] : 115.77985191345215
13: [13, 60, 90, 89, 81] : 68.19816184043884
5: [20, 5, 84, 12, 53] : 110.00986814498901
21: [21, 3, 88, 97, 64] : 122.85178089141846
70: [70, 6, 18, 62, 92] : 80.29943609237671
70: [70, 92, 62, 28, 86] : 73.797598361969
27: [30, 73, 32, 95, 67] : 113.5874674320221
5: [84, 94, 87, 20, 12] : 121.30440068244934
5: [5, 37, 94, 20, 25] : 92.44996905326843
0: [57, 0, 53, 83, 18] : 115.57933139801025
73: [97, 19, 1, 95, 73] : 115.55044555664062
89: [85, 89, 57, 0, 53] : 87.33120560646057
7: [7, 53, 83, 18, 57] : 80.2652747631073
78: [97, 42, 38, 34, 14] : 113.6480712890625
25: [25, 20, 5, 39, 87] : 64.84471654891968
53: [53, 91, 10, 16, 61] : 92.47335648536682
25: [25, 5, 20, 84, 40] : 92.4797191619873
count (test images): 193
Mean per class acc: 65.98%
Mean inference time: 99.07 sec
Top 1 acc: 62.69%
Top 3 acc: 64.25%
Top 2 acc: 62.69%
Top 5 acc: 68.39%
