49: [72, 95, 7, 59, 82] : 111.53660535812378
92: [92, 83, 57, 47, 70] : 109.74175095558167
41: [41, 99, 95, 69, 30] : 103.25606989860535
75: [56, 14, 44, 78, 54] : 114.21210765838623
7: [7, 6, 78, 93, 14] : 108.54509854316711
71: [71, 95, 30, 73, 67] : 115.5971827507019
50: [74, 6, 4, 50, 64] : 103.56305360794067
27: [27, 44, 15, 29, 30] : 113.67824292182922
70: [70, 53, 62, 92, 18] : 107.96800565719604
24: [24, 7, 32, 6, 67] : 102.37491464614868
36: [36, 50, 65, 80, 78] : 105.551677942276
32: [93, 72, 29, 32, 67] : 106.77766585350037
45: [29, 45, 78, 44, 27] : 106.77610611915588
80: [80, 4, 55, 34, 64] : 87.67210340499878
12: [12, 60, 76, 56, 59] : 63.40719819068909
23: [23, 76, 49, 56, 59] : 61.65129780769348
58: [58, 85, 7, 67, 88] : 106.77947211265564
96: [96, 52, 59, 47, 60] : 102.27638697624207
42: [42, 43, 88, 97, 38] : 97.22133612632751
86: [78, 29, 83, 1, 27] : 114.35776376724243
37: [17, 37, 60, 76, 9] : 98.14635157585144
45: [29, 45, 27, 4, 26] : 100.23988127708435
37: [37, 7, 14, 57, 6] : 101.75548529624939
90: [60, 27, 29, 18, 7] : 113.59424257278442
69: [69, 43, 17, 31, 76] : 102.07352423667908
40: [52, 96, 53, 24, 56] : 97.59157347679138
27: [29, 27, 78, 44, 93] : 107.76250123977661
18: [24, 67, 53, 7, 18] : 111.66935157775879
55: [29, 27, 42, 55, 78] : 94.58016681671143
54: [70, 92, 62, 83, 54] : 117.5684564113617
37: [37, 17, 40, 22, 23] : 56.62683343887329
36: [65, 38, 18, 72, 55] : 92.84628105163574
35: [73, 27, 67, 91, 83] : 114.41049528121948
37: [37, 17, 29, 7, 27] : 106.80620503425598
27: [27, 97, 59, 96, 33] : 113.72364497184753
73: [73, 30, 27, 78, 72] : 108.1100423336029
65: [65, 74, 50, 27, 78] : 102.4291205406189
91: [1, 91, 73, 32, 67] : 115.68653059005737
64: [64, 80, 50, 74, 3] : 104.91632747650146
17: [17, 27, 53, 14, 57] : 104.94970870018005
41: [41, 89, 69, 85, 58] : 64.00269198417664
19: [19, 43, 97, 15, 34] : 104.76225423812866
83: [83, 0, 9, 84, 5] : 56.52797794342041
37: [37, 53, 5, 57, 23] : 59.05835199356079
65: [38, 80, 64, 55, 72] : 87.65775084495544
97: [97, 27, 29, 78, 93] : 115.99988317489624
95: [95, 30, 72, 71, 73] : 101.40486812591553
48: [48, 41, 89, 8, 58] : 108.99189925193787
54: [54, 70, 14, 6, 18] : 108.82702779769897
86: [86, 57, 0, 94, 22] : 59.47281765937805
86: [86, 87, 16, 95, 14] : 106.72684717178345
6: [6, 82, 70, 7, 29] : 111.22241950035095
85: [85, 41, 7, 6, 18] : 104.79808449745178
53: [53, 57, 0, 67, 99] : 101.00004315376282
9: [9, 10, 84, 61, 28] : 93.98619961738586
20: [20, 25, 84, 5, 60] : 59.45893406867981
99: [78, 99, 53, 18, 44] : 105.50171566009521
8: [8, 48, 53, 57, 7] : 111.8588490486145
14: [14, 7, 18, 67, 54] : 112.57103562355042
23: [59, 52, 67, 56, 73] : 117.0045371055603
74: [27, 55, 29, 72, 67] : 108.65468835830688
82: [82, 54, 60, 17, 49] : 67.7746729850769
15: [15, 29, 27, 72, 55] : 102.26358032226562
30: [30, 95, 72, 55, 71] : 99.73209500312805
71: [95, 71, 30, 67, 73] : 99.73074316978455
28: [28, 57, 83, 84, 20] : 56.91141986846924
81: [81, 90, 47, 52, 96] : 70.31605768203735
26: [70, 6, 82, 29, 1] : 112.4869692325592
96: [41, 0, 53, 6, 7] : 100.95871019363403
76: [76, 60, 53, 7, 6] : 112.5022087097168
21: [21, 78, 29, 27, 55] : 114.4198706150055
0: [0, 57, 53, 83, 28] : 61.378060817718506
2: [2, 11, 35, 65, 9] : 93.96527647972107
46: [46, 98, 78, 14, 0] : 116.38203859329224
15: [15, 29, 38, 43, 34] : 92.66778945922852
43: [43, 4, 3, 72, 55] : 104.81395411491394
19: [29, 97, 72, 27, 55] : 97.14589977264404
88: [88, 43, 42, 34, 97] : 104.15557646751404
88: [97, 88, 42, 95, 27] : 102.88750624656677
39: [39, 83, 0, 86, 25] : 59.45864772796631
28: [28, 16, 0, 53, 86] : 90.77170395851135
17: [17, 49, 59, 96, 29] : 110.57802391052246
4: [55, 30, 72, 95, 32] : 113.14060640335083
42: [55, 44, 78, 27, 6] : 102.93983483314514
53: [53, 0, 57, 83, 99] : 111.2283718585968
47: [47, 52, 96, 59, 56] : 108.32796239852905
43: [43, 4, 3, 42, 63] : 107.74719834327698
81: [37, 12, 86, 87, 94] : 56.743868827819824
8: [8, 41, 27, 7, 93] : 106.16186213493347
47: [60, 17, 11, 23, 37] : 62.574021339416504
19: [19, 15, 38, 3, 4] : 92.983962059021
62: [62, 70, 6, 82, 14] : 115.56654500961304
70: [70, 62, 92, 47, 54] : 117.02359509468079
87: [87, 24, 93, 14, 70] : 114.4602518081665
92: [82, 83, 53, 14, 62] : 115.1310784816742
55: [29, 30, 93, 44, 91] : 99.37617683410645
62: [62, 47, 92, 70, 49] : 115.80596566200256
17: [17, 27, 29, 67, 44] : 112.60813593864441
58: [58, 85, 69, 89, 60] : 100.4891242980957
64: [80, 64, 74, 50, 44] : 106.30735921859741
60: [60, 49, 62, 59, 52] : 119.73907923698425
13: [13, 27, 30, 29, 95] : 113.21911382675171
65: [65, 29, 93, 95, 73] : 104.95314121246338
24: [24, 7, 6, 18, 14] : 99.18195509910583
12: [96, 52, 59, 27, 78] : 110.60832786560059
10: [10, 53, 28, 84, 70] : 61.37360501289368
10: [10, 61, 28, 0, 82] : 61.297229290008545
83: [53, 30, 6, 32, 73] : 104.56834483146667
27: [44, 99, 18, 78, 7] : 107.13672518730164
73: [91, 73, 1, 30, 67] : 112.3430278301239
51: [93, 27, 53, 62, 44] : 111.4346034526825
17: [17, 60, 69, 7, 27] : 107.24850511550903
20: [25, 20, 5, 93, 24] : 102.04440498352051
86: [85, 60, 87, 39, 90] : 67.02651262283325
70: [70, 14, 62, 18, 92] : 115.52391934394836
49: [49, 60, 53, 71, 0] : 91.00928139686584
56: [56, 59, 96, 52, 47] : 108.61347484588623
43: [43, 42, 88, 3, 97] : 112.32456421852112
28: [28, 40, 16, 10, 84] : 52.97021508216858
17: [53, 17, 57, 9, 60] : 59.39140963554382
74: [55, 27, 32, 78, 72] : 107.32944297790527
46: [11, 35, 46, 27, 67] : 108.88899612426758
63: [97, 65, 4, 66, 55] : 97.04474091529846
41: [99, 20, 86, 39, 87] : 89.945641040802
78: [78, 44, 99, 31, 1] : 100.85990524291992
92: [92, 70, 83, 62, 54] : 111.77172875404358
36: [36, 50, 65, 91, 73] : 100.58586072921753
59: [52, 59, 47, 96, 60] : 116.17848587036133
4: [4, 80, 55, 38, 44] : 93.74877715110779
97: [97, 29, 72, 27, 55] : 112.84426784515381
29: [29, 27, 93, 67, 44] : 112.78300476074219
87: [29, 27, 44, 93, 24] : 103.04446601867676
63: [63, 65, 67, 80, 38] : 95.13160228729248
27: [27, 44, 78, 29, 91] : 99.55321931838989
89: [89, 41, 85, 7, 18] : 111.65603637695312
43: [43, 97, 38, 42, 34] : 111.20387268066406
10: [10, 28, 92, 62, 82] : 61.53132104873657
54: [14, 18, 54, 92, 24] : 112.42213320732117
73: [14, 44, 78, 29, 27] : 118.70868587493896
19: [97, 34, 63, 72, 55] : 105.32538223266602
41: [41, 7, 44, 67, 24] : 113.16363644599915
27: [44, 27, 73, 67, 32] : 114.52517127990723
14: [14, 32, 7, 1, 78] : 102.73581218719482
96: [96, 52, 47, 59, 27] : 112.2607114315033
76: [60, 76, 49, 53, 57] : 95.08304405212402
12: [12, 17, 60, 53, 57] : 102.34954762458801
34: [34, 97, 38, 29, 80] : 111.24094462394714
50: [74, 32, 4, 50, 65] : 99.56439661979675
25: [25, 20, 5, 87, 84] : 97.02107119560242
51: [78, 74, 44, 32, 27] : 112.9511411190033
70: [70, 62, 14, 92, 54] : 103.01841330528259
50: [50, 74, 4, 65, 67] : 100.93211817741394
94: [94, 5, 84, 40, 76] : 59.99021673202515
30: [30, 73, 1, 95, 91] : 116.73914837837219
3: [3, 55, 72, 95, 30] : 90.58746933937073
55: [55, 4, 29, 27, 44] : 98.39822196960449
81: [13, 81, 90, 0, 68] : 98.0031225681305
0: [0, 57, 53, 18, 7] : 111.02194857597351
64: [63, 64, 3, 80, 97] : 112.09706687927246
34: [34, 42, 29, 44, 27] : 97.47972798347473
92: [62, 70, 82, 6, 52] : 106.26424860954285
20: [20, 25, 5, 84, 52] : 109.34147143363953
73: [30, 73, 95, 67, 65] : 100.02122616767883
11: [11, 78, 27, 29, 44] : 106.4483289718628
89: [42, 88, 18, 15, 43] : 105.81799554824829
50: [65, 50, 29, 27, 67] : 108.87359261512756
10: [29, 93, 95, 30, 53] : 103.71997714042664
52: [52, 59, 96, 47, 56] : 74.08512091636658
91: [91, 1, 32, 67, 73] : 108.28527998924255
63: [65, 34, 38, 55, 72] : 102.01685309410095
4: [55, 27, 32, 72, 30] : 97.58291816711426
78: [78, 99, 18, 0, 83] : 106.95104575157166
53: [53, 96, 57, 60, 33] : 66.44746232032776
38: [38, 65, 34, 80, 55] : 101.95917797088623
6: [6, 14, 18, 82, 7] : 105.8098795413971
47: [52, 96, 47, 60, 59] : 113.95956802368164
84: [84, 20, 1, 50, 73] : 90.50080823898315
13: [13, 60, 69, 53, 57] : 64.5499975681305
5: [20, 5, 84, 53, 18] : 94.34985256195068
21: [21, 3, 97, 27, 78] : 91.84838318824768
70: [70, 6, 62, 18, 92] : 109.5810763835907
70: [18, 7, 6, 14, 29] : 110.73012065887451
27: [27, 29, 44, 93, 73] : 111.96692085266113
5: [84, 20, 94, 12, 87] : 56.41842460632324
5: [5, 37, 94, 20, 25] : 56.437684297561646
0: [0, 57, 53, 83, 92] : 97.62881374359131
73: [27, 29, 78, 73, 30] : 98.18093514442444
89: [37, 84, 87, 94, 65] : 101.92083978652954
7: [53, 7, 83, 99, 18] : 111.41661357879639
78: [78, 44, 27, 29, 93] : 106.39793062210083
25: [25, 20, 5, 39, 84] : 64.01106214523315
53: [53, 91, 82, 18, 0] : 106.49829292297363
25: [25, 5, 20, 37, 84] : 56.32678842544556
23: [23, 49, 52, 59, 95] : 107.56481552124023
42: [42, 88, 43, 27, 78] : 115.84163403511047
59: [59, 47, 96, 56, 52] : 103.86828231811523
34: [34, 97, 38, 64, 88] : 94.4090039730072
71: [71, 30, 95, 72, 26] : 103.25616693496704
88: [88, 42, 55, 29, 44] : 100.02757740020752
62: [54, 70, 14, 62, 6] : 110.18221139907837
42: [97, 38, 55, 29, 27] : 101.97732758522034
9: [9, 86, 94, 0, 57] : 58.95500683784485
9: [9, 10, 28, 57, 40] : 64.62515377998352
65: [72, 55, 65, 27, 29] : 101.25952053070068
50: [44, 78, 27, 93, 1] : 101.21051597595215
87: [87, 1, 30, 73, 95] : 108.83708953857422
12: [12, 71, 60, 53, 68] : 94.30105638504028
99: [99, 78, 29, 44, 32] : 104.53036332130432
88: [88, 38, 43, 34, 80] : 87.34589576721191
57: [53, 10, 83, 61, 28] : 58.88604116439819
43: [43, 4, 27, 29, 1] : 100.0365538597107
48: [7, 78, 24, 44, 29] : 112.2919921875
49: [60, 49, 23, 57, 76] : 64.67700839042664
73: [30, 73, 29, 95, 32] : 115.97708678245544
49: [52, 96, 47, 59, 27] : 100.64712715148926
56: [56, 71, 59, 49, 60] : 110.71658706665039
21: [21, 27, 78, 29, 44] : 114.61361241340637
46: [46, 11, 98, 35, 60] : 60.84636402130127
73: [73, 91, 30, 95, 32] : 97.5830409526825
77: [57, 24, 7, 44, 78] : 101.31451725959778
85: [85, 41, 27, 89, 18] : 106.91871118545532
32: [6, 44, 78, 7, 24] : 94.96774101257324
27: [27, 44, 78, 93, 91] : 101.98931288719177
20: [20, 25, 84, 5, 37] : 96.32930254936218
38: [38, 72, 55, 27, 29] : 110.3163993358612
96: [52, 96, 59, 47, 62] : 101.91832280158997
77: [77, 24, 79, 99, 26] : 107.06484985351562
54: [54, 62, 70, 14, 0] : 106.38631224632263
29: [29, 4, 93, 27, 55] : 94.35717606544495
65: [65, 72, 62, 30, 95] : 106.33472394943237
84: [87, 86, 39, 0, 57] : 56.33973431587219
85: [27, 97, 29, 44, 52] : 98.02867770195007
0: [0, 57, 53, 83, 28] : 60.77437210083008
10: [10, 28, 53, 92, 57] : 60.82842135429382
28: [20, 40, 87, 73, 67] : 94.97825026512146
34: [80, 44, 55, 72, 67] : 99.95912265777588
70: [70, 62, 14, 92, 29] : 117.53273153305054
90: [90, 85, 69, 9, 16] : 66.45544815063477
59: [59, 52, 47, 96, 60] : 66.72496819496155
50: [50, 64, 65, 74, 29] : 98.9799473285675
89: [41, 89, 85, 58, 13] : 60.86210536956787
87: [86, 87, 94, 60, 39] : 66.51426529884338
39: [39, 83, 25, 5, 0] : 58.85963702201843
9: [9, 83, 25, 84, 57] : 58.828263998031616
77: [32, 91, 78, 67, 44] : 106.8865532875061
37: [96, 59, 52, 47, 70] : 74.09762144088745
45: [44, 32, 91, 27, 4] : 107.6640932559967
10: [70, 92, 61, 10, 57] : 60.878573417663574
51: [27, 18, 29, 78, 93] : 103.93906235694885
40: [40, 56, 52, 59, 96] : 117.75817823410034
71: [71, 26, 30, 95, 72] : 97.54553651809692
30: [30, 95, 73, 67, 91] : 106.50571346282959
37: [37, 53, 0, 57, 29] : 98.92795515060425
69: [76, 17, 60, 49, 23] : 59.62072563171387
75: [55, 7, 18, 97, 72] : 96.39393734931946
87: [87, 71, 49, 17, 60] : 105.81748414039612
30: [30, 91, 95, 44, 73] : 109.10509514808655
92: [92, 70, 57, 14, 18] : 114.774489402771
48: [48, 41, 89, 20, 8] : 66.56300568580627
0: [0, 53, 10, 60, 84] : 56.39076638221741
49: [49, 17, 95, 30, 53] : 93.74201583862305
46: [46, 98, 60, 17, 49] : 66.4520947933197
49: [7, 59, 29, 44, 52] : 107.69246315956116
94: [94, 29, 78, 14, 18] : 105.20342516899109
47: [47, 52, 96, 59, 14] : 114.03115892410278
72: [30, 95, 72, 55, 44] : 110.1900041103363
37: [37, 47, 52, 17, 14] : 112.09013843536377
41: [41, 86, 89, 85, 87] : 62.208691120147705
29: [29, 27, 1, 44, 55] : 102.26920437812805
50: [29, 32, 67, 1, 44] : 103.36880350112915
42: [29, 27, 44, 55, 78] : 101.97739148139954
92: [92, 70, 0, 62, 78] : 107.65630650520325
43: [27, 32, 29, 4, 67] : 110.28047466278076
83: [83, 0, 53, 61, 10] : 60.87173342704773
25: [20, 25, 84, 5, 17] : 56.408833742141724
7: [7, 24, 6, 99, 93] : 110.18271255493164
69: [69, 60, 49, 85, 12] : 66.45940637588501
43: [43, 42, 88, 4, 63] : 111.39325833320618
86: [94, 20, 9, 86, 87] : 61.43849325180054
13: [17, 37, 96, 52, 23] : 68.47822666168213
5: [5, 25, 20, 86, 4] : 99.57056832313538
43: [43, 42, 38, 88, 55] : 111.5372154712677
21: [21, 27, 29, 78, 55] : 112.16626262664795
40: [40, 84, 27, 93, 78] : 102.70033478736877
11: [11, 46, 98, 2, 86] : 110.26584362983704
2: [2, 11, 35, 57, 29] : 104.59008646011353
74: [44, 27, 78, 52, 55] : 101.94656562805176
30: [30, 95, 73, 72, 32] : 101.92272591590881
33: [33, 68, 49, 52, 47] : 99.4581367969513
92: [70, 92, 62, 47, 82] : 114.716557264328
0: [0, 57, 10, 84, 61] : 56.44193363189697
22: [22, 76, 17, 56, 23] : 67.20337772369385
45: [78, 44, 27, 29, 93] : 103.16535663604736
70: [62, 70, 92, 14, 7] : 110.76560115814209
22: [22, 7, 82, 57, 14] : 111.56079316139221
74: [93, 78, 27, 44, 7] : 102.10647320747375
15: [15, 29, 43, 27, 72] : 98.88790082931519
43: [43, 67, 30, 7, 6] : 97.48786067962646
47: [96, 52, 47, 60, 59] : 108.21338415145874
72: [72, 55, 32, 30, 95] : 108.93107080459595
39: [39, 0, 16, 86, 9] : 58.29220914840698
69: [69, 60, 49, 76, 71] : 66.51162791252136
54: [54, 62, 0, 70, 96] : 100.69687700271606
9: [9, 57, 53, 7, 0] : 98.70672345161438
85: [27, 29, 52, 70, 96] : 109.43256068229675
25: [20, 25, 5, 84, 28] : 60.790310859680176
53: [53, 57, 0, 83, 70] : 107.63407349586487
2: [2, 11, 35, 69, 16] : 62.09440803527832
40: [29, 93, 7, 14, 6] : 99.42113757133484
75: [95, 72, 27, 55, 30] : 106.40425276756287
48: [48, 8, 46, 60, 35] : 66.48041462898254
31: [31, 97, 3, 4, 67] : 103.23019623756409
42: [42, 88, 43, 38, 55] : 114.69480228424072
58: [58, 69, 60, 68, 37] : 66.51744937896729
29: [29, 93, 4, 27, 55] : 93.04921627044678
78: [78, 44, 88, 97, 42] : 105.68119382858276
78: [78, 99, 18, 44, 27] : 114.57628297805786
4: [65, 4, 80, 63, 38] : 91.85345220565796
1: [1, 32, 91, 67, 95] : 117.78944993019104
49: [49, 95, 30, 73, 29] : 103.15585112571716
21: [21, 31, 3, 27, 30] : 96.21182441711426
68: [60, 95, 59, 67, 78] : 112.25183272361755
91: [1, 91, 32, 73, 26] : 97.87843298912048
44: [44, 29, 27, 18, 78] : 106.4077820777893
13: [13, 81, 58, 89, 90] : 61.987728118896484
64: [74, 44, 80, 78, 32] : 102.52133679389954
48: [48, 7, 89, 14, 24] : 113.32824993133545
71: [71, 95, 60, 30, 49] : 105.73503112792969
76: [76, 56, 59, 29, 27] : 109.57488870620728
71: [71, 60, 95, 12, 30] : 111.31800723075867
49: [49, 17, 76, 14, 7] : 101.87109041213989
6: [6, 7, 77, 18, 79] : 110.13386058807373
67: [27, 47, 78, 44, 29] : 107.65710163116455
42: [42, 88, 27, 29, 55] : 98.87863731384277
59: [56, 52, 47, 59, 96] : 72.14463448524475
44: [78, 44, 32, 99, 67] : 112.13472962379456
36: [36, 50, 67, 78, 44] : 105.18508648872375
28: [28, 57, 70, 92, 62] : 105.82456684112549
97: [97, 34, 88, 63, 43] : 98.86867785453796
44: [78, 44, 27, 32, 67] : 99.97672820091248
9: [9, 16, 57, 40, 6] : 104.4193925857544
24: [24, 7, 6, 18, 14] : 96.88202619552612
42: [29, 27, 44, 78, 72] : 103.28976655006409
67: [30, 95, 73, 67, 60] : 100.12222719192505
72: [4, 55, 72, 32, 67] : 91.80477023124695
70: [70, 54, 92, 53, 62] : 111.37631750106812
2: [2, 67, 24, 29, 27] : 115.78354573249817
57: [57, 53, 83, 0, 14] : 107.68553042411804
58: [58, 37, 68, 87, 12] : 66.54672718048096
70: [70, 18, 62, 14, 6] : 112.0747241973877
69: [85, 89, 69, 58, 60] : 105.78125977516174
54: [54, 14, 70, 92, 83] : 114.71942496299744
81: [13, 81, 90, 0, 53] : 64.65641760826111
90: [90, 13, 81, 89, 58] : 66.58111619949341
15: [29, 15, 44, 27, 67] : 100.89978194236755
82: [82, 62, 53, 92, 6] : 100.16082906723022
89: [89, 85, 17, 58, 41] : 62.08249258995056
31: [31, 15, 43, 38, 21] : 89.96256899833679
17: [27, 44, 78, 29, 39] : 100.85403847694397
4: [4, 55, 78, 72, 44] : 92.03711009025574
16: [16, 28, 9, 84, 10] : 58.355363845825195
5: [5, 25, 20, 27, 93] : 112.0947003364563
24: [24, 7, 79, 99, 18] : 108.37576985359192
35: [27, 78, 96, 57, 82] : 112.18251657485962
7: [7, 18, 53, 78, 83] : 121.7354941368103
62: [62, 92, 53, 70, 6] : 114.71668744087219
73: [30, 73, 91, 1, 67] : 103.17365312576294
74: [44, 74, 27, 93, 32] : 105.73156237602234
71: [71, 95, 30, 27, 72] : 108.91681456565857
6: [6, 7, 24, 27, 67] : 102.02849745750427
13: [13, 58, 81, 90, 53] : 101.3737223148346
46: [46, 27, 78, 44, 7] : 110.78343963623047
23: [23, 71, 95, 30, 67] : 111.45267176628113
91: [1, 91, 32, 73, 30] : 114.1174886226654
72: [55, 57, 78, 44, 32] : 101.51584720611572
31: [31, 15, 43, 3, 55] : 91.19476342201233
72: [72, 55, 93, 29, 44] : 101.87663388252258
47: [47, 96, 52, 62, 70] : 114.61572861671448
96: [52, 96, 59, 47, 56] : 119.77825808525085
14: [14, 67, 99, 24, 18] : 102.02498745918274
34: [43, 97, 88, 34, 72] : 100.08047199249268
50: [50, 64, 4, 29, 27] : 100.01534128189087
39: [39, 86, 76, 40, 87] : 57.00399470329285
59: [27, 59, 67, 93, 73] : 112.15267825126648
48: [48, 8, 69, 86, 87] : 102.02459645271301
97: [97, 34, 55, 78, 44] : 106.36329293251038
13: [13, 27, 93, 81, 37] : 102.01189184188843
50: [38, 44, 78, 32, 29] : 107.75379538536072
49: [49, 59, 14, 44, 7] : 107.76209163665771
61: [61, 22, 10, 84, 53] : 58.975597620010376
23: [57, 76, 16, 9, 28] : 55.771549224853516
44: [29, 44, 15, 32, 73] : 108.93823337554932
1: [1, 91, 30, 27, 73] : 103.81596040725708
27: [91, 67, 30, 73, 32] : 103.14505863189697
57: [0, 57, 86, 87, 69] : 64.6705379486084
14: [14, 18, 67, 62, 7] : 107.76608729362488
24: [24, 7, 18, 27, 6] : 115.86184930801392
12: [14, 7, 27, 44, 29] : 118.40943217277527
5: [5, 20, 93, 29, 18] : 100.05877947807312
2: [2, 11, 5, 35, 46] : 62.24179005622864
83: [83, 18, 53, 57, 99] : 116.5994336605072
48: [48, 8, 11, 7, 35] : 105.51266956329346
27: [27, 67, 29, 73, 32] : 107.07820510864258
43: [43, 3, 42, 4, 55] : 98.08646893501282
41: [41, 89, 48, 69, 8] : 101.8834547996521
56: [52, 56, 96, 82, 59] : 105.03630042076111
72: [72, 97, 30, 67, 55] : 103.02607750892639
94: [94, 52, 96, 59, 47] : 100.4732117652893
97: [97, 34, 38, 74, 4] : 90.77846479415894
43: [43, 88, 42, 55, 44] : 113.01130318641663
77: [53, 57, 77, 0, 83] : 106.68528747558594
93: [93, 29, 30, 95, 73] : 114.3444881439209
79: [6, 7, 44, 78, 93] : 99.02618527412415
84: [20, 84, 52, 59, 96] : 61.32684659957886
35: [35, 11, 98, 2, 83] : 109.10744118690491
81: [81, 13, 90, 7, 1] : 112.26190567016602
86: [86, 85, 39, 17, 87] : 67.00429034233093
11: [11, 46, 98, 35, 57] : 111.662752866745
75: [27, 55, 44, 7, 78] : 112.94596815109253
64: [38, 80, 97, 64, 3] : 92.53439021110535
8: [8, 48, 60, 38, 89] : 98.37681007385254
49: [95, 49, 27, 29, 72] : 97.04651117324829
16: [9, 78, 27, 97, 16] : 94.98523807525635
59: [96, 52, 59, 47, 53] : 95.88976788520813
45: [99, 78, 87, 86, 85] : 114.23074984550476
24: [24, 7, 6, 32, 27] : 115.49134039878845
34: [29, 27, 44, 7, 18] : 106.04111075401306
80: [14, 44, 1, 27, 91] : 107.39428901672363
8: [8, 48, 67, 95, 55] : 105.48325657844543
68: [53, 27, 93, 57, 67] : 114.94428586959839
3: [3, 4, 55, 63, 64] : 111.77710556983948
92: [70, 62, 92, 82, 96] : 66.33317303657532
57: [72, 27, 55, 78, 44] : 111.78575897216797
82: [82, 62, 53, 0, 14] : 114.36553621292114
92: [92, 18, 70, 14, 7] : 115.6985547542572
24: [6, 24, 7, 67, 29] : 102.93288326263428
32: [1, 32, 91, 67, 93] : 104.16032338142395
76: [1, 17, 47, 59, 53] : 101.04640173912048
32: [83, 57, 2, 28, 86] : 58.71994185447693
46: [46, 11, 98, 35, 94] : 64.39932298660278
26: [45, 26, 29, 78, 24] : 106.72251319885254
62: [70, 62, 82, 32, 14] : 117.41951656341553
23: [23, 59, 56, 47, 52] : 113.00094890594482
63: [4, 80, 63, 97, 65] : 102.90992021560669
51: [51, 70, 62, 18, 6] : 115.4887638092041
70: [70, 62, 92, 53, 51] : 60.57919192314148
25: [41, 85, 25, 87, 86] : 66.25591468811035
80: [80, 4, 65, 55, 72] : 109.82227683067322
36: [36, 65, 50, 64, 4] : 99.69009041786194
61: [80, 18, 55, 72, 99] : 98.43230843544006
15: [15, 29, 27, 97, 38] : 94.06956768035889
38: [38, 64, 29, 55, 27] : 99.81041431427002
1: [1, 91, 32, 53, 67] : 111.14830565452576
34: [34, 97, 88, 55, 72] : 89.67299103736877
67: [32, 93, 73, 67, 30] : 101.04771256446838
86: [86, 94, 22, 5, 40] : 59.378087759017944
64: [57, 32, 78, 29, 27] : 99.16676473617554
24: [24, 7, 32, 14, 18] : 117.44527864456177
82: [6, 14, 18, 7, 67] : 111.72775435447693
5: [20, 5, 94, 53, 57] : 94.11715149879456
76: [76, 27, 86, 57, 87] : 114.34259748458862
13: [13, 58, 60, 69, 68] : 66.27124094963074
61: [72, 29, 65, 44, 27] : 91.56619453430176
50: [27, 44, 29, 1, 78] : 98.534658908844
70: [47, 70, 96, 62, 52] : 102.28561449050903
98: [35, 98, 11, 2, 46] : 109.24778199195862
20: [20, 84, 25, 94, 39] : 96.04720187187195
97: [97, 38, 29, 27, 72] : 106.1127417087555
60: [60, 0, 28, 16, 57] : 58.75033974647522
14: [14, 18, 67, 78, 6] : 111.17552375793457
27: [27, 44, 73, 93, 72] : 107.33933305740356
87: [87, 20, 25, 40, 5] : 91.60780239105225
60: [60, 49, 17, 23, 69] : 66.30165958404541
44: [44, 91, 99, 45, 26] : 104.26338934898376
8: [8, 48, 41, 27, 44] : 107.40892457962036
95: [95, 30, 72, 71, 55] : 97.220210313797
82: [82, 62, 6, 14, 18] : 107.35015821456909
51: [44, 27, 32, 18, 55] : 105.46395111083984
8: [44, 60, 0, 57, 20] : 94.07027244567871
41: [60, 2, 65, 34, 28] : 87.15546083450317
3: [3, 43, 72, 29, 30] : 111.77907824516296
67: [67, 32, 73, 6, 44] : 109.84423494338989
50: [80, 38, 29, 44, 27] : 101.66376805305481
9: [9, 53, 30, 59, 57] : 111.11263990402222
70: [70, 62, 92, 53, 51] : 60.63010859489441
80: [44, 72, 55, 27, 78] : 101.71804165840149
82: [82, 70, 52, 62, 47] : 99.89641427993774
84: [84, 37, 20, 40, 87] : 54.97524118423462
63: [7, 44, 93, 27, 78] : 108.64759254455566
60: [71, 60, 49, 53, 12] : 63.74530220031738
80: [80, 55, 27, 72, 44] : 107.32338380813599
56: [56, 95, 30, 71, 59] : 107.31266474723816
25: [5, 25, 20, 94, 37] : 95.94190764427185
74: [4, 55, 44, 27, 93] : 92.80035901069641
38: [15, 38, 31, 27, 29] : 101.00281405448914
52: [96, 52, 47, 59, 14] : 109.18667960166931
93: [93, 27, 72, 32, 7] : 105.43505930900574
29: [29, 27, 44, 38, 51] : 101.03553771972656
2: [53, 0, 57, 83, 18] : 111.30445981025696
44: [44, 78, 27, 93, 67] : 117.85043573379517
79: [44, 18, 14, 7, 27] : 113.67219400405884
11: [11, 35, 98, 46, 9] : 104.1807508468628
26: [70, 95, 67, 72, 32] : 101.591392993927
95: [95, 30, 73, 93, 91] : 111.7078709602356
31: [97, 31, 38, 42, 88] : 99.12734031677246
88: [88, 34, 42, 43, 4] : 94.04550766944885
2: [2, 18, 7, 44, 93] : 104.15894365310669
37: [37, 17, 52, 47, 56] : 106.68530440330505
68: [68, 60, 49, 58, 12] : 100.35140252113342
66: [66, 55, 97, 72, 70] : 97.21561765670776
95: [23, 43, 27, 29, 67] : 102.1986038684845
91: [91, 1, 32, 67, 73] : 106.07438540458679
40: [78, 29, 18, 44, 6] : 114.33014488220215
18: [44, 18, 7, 59, 56] : 117.40126752853394
19: [19, 31, 38, 29, 27] : 111.71337914466858
77: [77, 6, 7, 14, 18] : 100.34703850746155
18: [56, 14, 59, 44, 7] : 107.28809189796448
25: [20, 25, 5, 84, 41] : 66.27314639091492
30: [95, 30, 29, 27, 1] : 116.12981486320496
38: [38, 43, 97, 3, 88] : 113.02148365974426
77: [18, 7, 14, 30, 54] : 104.17791390419006
71: [71, 95, 30, 73, 27] : 115.51600646972656
1: [91, 1, 32, 14, 62] : 116.19009971618652
28: [10, 28, 61, 84, 4] : 97.94605302810669
32: [32, 67, 93, 14, 27] : 104.25118684768677
4: [55, 4, 72, 95, 30] : 104.1863865852356
76: [67, 95, 44, 73, 24] : 109.85155129432678
90: [60, 37, 12, 49, 17] : 56.19250535964966
14: [14, 34, 18, 77, 80] : 107.32968163490295
25: [20, 25, 5, 94, 53] : 94.06001830101013
70: [70, 53, 57, 0, 78] : 107.32503747940063
17: [17, 96, 27, 47, 52] : 109.16489696502686
95: [44, 55, 1, 29, 4] : 97.20821285247803
75: [63, 4, 55, 38, 72] : 91.53262591362
6: [43, 97, 78, 88, 27] : 111.07936215400696
86: [86, 16, 87, 39, 9] : 60.62978935241699
94: [94, 37, 76, 17, 86] : 59.37997341156006
28: [28, 10, 40, 16, 20] : 60.67605543136597
73: [85, 23, 17, 60, 69] : 64.44145441055298
36: [67, 55, 27, 32, 29] : 99.75126218795776
18: [57, 18, 83, 92, 78] : 115.46056771278381
10: [28, 10, 84, 53, 92] : 60.62427020072937
34: [34, 97, 38, 65, 80] : 104.18825817108154
1: [1, 32, 91, 67, 29] : 105.41165471076965
64: [64, 4, 74, 72, 55] : 108.6026177406311
28: [10, 28, 53, 61, 84] : 58.74314498901367
82: [82, 70, 62, 6, 14] : 109.17487239837646
96: [96, 52, 59, 47, 14] : 107.31398296356201
59: [56, 59, 52, 47, 96] : 109.25889301300049
67: [17, 97, 33, 76, 67] : 95.98318481445312
15: [15, 19, 67, 72, 32] : 104.20970511436462
27: [27, 29, 44, 93, 78] : 117.45203065872192
99: [78, 99, 44, 18, 27] : 114.21128869056702
72: [85, 72, 55, 67, 32] : 104.0583074092865
6: [6, 88, 27, 44, 24] : 111.00392007827759
62: [62, 18, 6, 44, 27] : 104.15745186805725
37: [37, 17, 22, 0, 86] : 63.804200410842896
31: [31, 29, 27, 38, 15] : 98.5336925983429
45: [1, 83, 24, 32, 73] : 99.11933636665344
58: [58, 89, 7, 57, 14] : 113.0012755393982
97: [97, 34, 38, 43, 55] : 97.2110526561737
25: [20, 25, 5, 94, 87] : 59.339022397994995
25: [25, 5, 20, 29, 40] : 110.44026184082031
69: [17, 49, 95, 72, 29] : 115.55335712432861
21: [27, 29, 6, 55, 78] : 109.90142297744751
19: [19, 97, 38, 15, 65] : 99.7289628982544
20: [20, 25, 5, 84, 39] : 107.24716758728027
27: [27, 55, 29, 91, 44] : 97.20246195793152
45: [67, 7, 18, 24, 32] : 103.54607772827148
65: [21, 3, 65, 97, 63] : 90.2773768901825
64: [50, 64, 74, 4, 27] : 97.23596525192261
12: [60, 12, 17, 53, 7] : 101.63071298599243
50: [25, 5, 20, 27, 29] : 104.17369771003723
61: [78, 92, 62, 53, 14] : 115.52759766578674
25: [25, 20, 5, 84, 94] : 92.80940461158752
0: [0, 57, 53, 83, 60] : 60.64301562309265
71: [71, 12, 60, 56, 59] : 68.44281935691833
13: [13, 81, 90, 68, 58] : 100.76583862304688
3: [3, 27, 65, 29, 44] : 88.4371190071106
80: [80, 65, 32, 4, 74] : 94.0555248260498
2: [2, 72, 55, 67, 73] : 94.68791794776917
2: [2, 11, 35, 0, 57] : 58.7021279335022
91: [91, 32, 1, 67, 30] : 104.15879225730896
18: [78, 44, 18, 14, 91] : 107.27589440345764
20: [20, 5, 84, 25, 39] : 56.15531277656555
6: [6, 7, 18, 24, 14] : 109.82640528678894
38: [4, 63, 74, 80, 44] : 92.79402470588684
59: [59, 52, 47, 96, 70] : 109.20687747001648
46: [13, 48, 60, 46, 22] : 61.89694428443909
2: [5, 20, 25, 84, 37] : 95.35050535202026
64: [64, 30, 29, 27, 67] : 111.76278448104858
77: [24, 18, 7, 6, 14] : 104.24207949638367
21: [21, 29, 42, 38, 65] : 107.305495262146
98: [98, 35, 37, 60, 17] : 117.46526312828064
58: [58, 97, 37, 34, 89] : 97.1762638092041
54: [54, 92, 14, 6, 70] : 114.22280645370483
25: [25, 5, 20, 84, 37] : 59.33287191390991
98: [35, 98, 46, 86, 11] : 99.71123909950256
64: [96, 59, 52, 47, 56] : 116.11975264549255
12: [12, 17, 60, 90, 13] : 97.16930985450745
20: [20, 25, 5, 84, 94] : 107.22731828689575
2: [57, 0, 44, 93, 32] : 104.124018907547
65: [93, 67, 78, 72, 27] : 104.1273090839386
4: [99, 4, 80, 64, 74] : 111.84921503067017
23: [23, 82, 52, 59, 47] : 63.797991037368774
72: [72, 55, 29, 78, 30] : 109.85071349143982
40: [40, 78, 20, 24, 44] : 106.06888341903687
91: [32, 91, 73, 67, 1] : 110.47366189956665
80: [47, 44, 96, 52, 80] : 113.60013914108276
99: [99, 32, 44, 18, 78] : 117.39821910858154
24: [24, 7, 18, 56, 59] : 107.91807007789612
41: [41, 85, 86, 48, 87] : 100.36945986747742
45: [27, 78, 29, 93, 73] : 103.50480914115906
17: [17, 60, 37, 0, 53] : 58.69456624984741
60: [47, 59, 14, 52, 96] : 103.54618573188782
61: [99, 78, 18, 29, 53] : 114.9154589176178
86: [86, 39, 87, 85, 20] : 61.887765407562256
0: [0, 53, 10, 60, 61] : 64.4253249168396
53: [53, 57, 83, 82, 96] : 101.62661266326904
0: [0, 57, 60, 87, 84] : 56.17686223983765
82: [82, 62, 6, 53, 18] : 115.51404571533203
42: [42, 27, 29, 43, 44] : 104.13895440101624
74: [86, 28, 0, 83, 62] : 60.59065532684326
53: [70, 53, 57, 0, 92] : 107.30228114128113
96: [52, 96, 47, 59, 56] : 113.57944846153259
count (test images): 625
Mean per class acc: 60.73%
Mean inference time: 97.69 sec
Top 1 acc: 61.28%
Top 3 acc: 76.00%
Top 5 acc: 79.04%
